0  -293  -245  -139   -94    36    92   138   247   286
1  -299  -244  -147   -98    24    90   135   235   294
2  -297  -236  -143  -100    55    90   140   243   297
3  -299  -246  -147   -97    62    88   140   237   297
4  -292  -239  -146  -100    57    93   141   247   285
5  -289  -238  -142   -86    45    87   149   236   294
6  -288  -236  -137   -90    15    95   149   248   293
7  -297  -239  -143   -86    47    90   136   249   292
8  -286  -248  -140   -98     4    92   139   239   292
9  -286  -240  -137   -97    30    97   146   246   295
10  -298  -241  -145   -93    48    93   136   235   294
11  -292  -240  -149   -92     1    98   135   237   296
12  -300  -239  -141   -97    57    85   141   237   295
13  -297  -248  -138   -95    -1    93   142   235   298
14  -291  -247  -141   -86     6    99   135   247   289
15  -295  -241  -143   -89    32    96   144   243   290
16  -295  -245  -139   -96    40    95   136   245   288
17  -297  -247  -138   -96    32    90   142   238   288
18  -286  -248  -141   -93     5    97   144   247   299
19  -294  -249  -140   -98    36    91   148   247   293
20  -293  -236  -144   -86    40    92   144   239   293
21  -294  -245  -149   -97    49    96   147   235   299
22  -293  -238  -140   -93    29    98   137   239   296
23  -287  -249  -149   -96    14    98   136   236   295
24  -299  -241  -142   -87    63    91   148   247   290
25  -300  -238  -137   -88    16    92   142   245   289
26  -296  -243  -149   -88    20    89   146   242   299
27  -294  -246  -147   -94    35    95   148   235   297
28  -297  -237  -149   -93    23    90   140   238   298
29  -296  -240  -146   -94    28    89   137   242   299
30  -293  -242  -145   -86    41    85   142   249   294
31  -291  -245  -140   -93    -2    99   138   249   291
32  -293  -242  -139   -96    25    94   148   242   293
33  -296  -246  -142   -94    21    93   138   241   298
34  -299  -246  -136  -100    62    93   146   241   294
35  -288  -240  -138   -98    -1    88   138   249   297
36  -295  -241  -147   -97     9    85   137   243   298
37  -290  -237  -137   -90    13    99   142   237   289
38  -294  -250  -136   -89    50    94   147   246   296
39  -294  -245  -137   -93    -1    99   144   245   293
40  -289  -238  -138   -96    28    95   149   237   285
41  -288  -246  -144  -100    33    91   144   238   293
42  -288  -244  -141   -91    17    86   138   242   292
43  -286  -245  -148   -98    30    86   135   242   290
44  -297  -250  -148   -98    18    97   145   242   285
45  -288  -239  -141  -100     8    90   141   248   298
46  -286  -242  -144   -89    36    91   140   245   295
47  -287  -238  -148   -91    22    90   139   243   293
48  -294  -245  -144   -86    17    85   138   245   290
49  -290  -237  -146   -97    33    98   149   248   297
50  -299  -240  -150   -90    -3    90   149   247   286
51  -298  -242  -142   -90    44    97   141   238   294
52  -289  -244  -144   -92    12    97   139   240   291
53  -295  -245  -136   -93    30    89   148   245   290
54  -295  -239  -138   -88    26    89   145   247   291
55  -286  -241  -145   -93    13    99   137   240   299
56  -297  -244  -140   -88    58    85   138   239   287
57  -286  -249  -136   -95    -4    89   148   242   293
58  -293  -243  -145   -96    60    99   147   242   295
59  -294  -250  -137   -89    51    91   141   238   297
60  -296  -239  -144   -94     9    90   143   241   295
61  -287  -246  -150   -96    -3    90   138   239   288
62  -286  -237  -144   -87    23    89   147   243   297
63  -297  -238  -150   -90    18    85   135   242   298
64  -290  -241  -140   -89    34    95   142   240   299
65  -290  -242  -145   -99     9    86   145   249   295
66  -298  -250  -138   -99    46    89   146   242   290
67  -298  -239  -140  -100    19    99   147   245   294
68  -290  -246  -142   -98    26    94   147   240   299
69  -287  -238  -136   -94    33    87   135   246   297
70  -287  -245  -145   -90    46    99   142   240   294
71  -299  -247  -148   -89    57    88   146   248   297
72  -294  -238  -146   -97    43    85   144   249   294
73  -286  -239  -140   -94    37    96   141   248   295
74  -286  -248  -148   -90    45    97   136   239   288
75  -293  -248  -139   -96    60    86   135   246   288
76  -299  -238  -138   -93    44    91   137   238   294
77  -290  -249  -147   -86    13    91   143   248   293
78  -287  -246  -150   -98    31    95   147   247   298
79  -286  -243  -144   -86    18    98   144   249   297
80  -290  -244  -145   -89     0    99   142   243   287
81  -292  -248  -150   -97    64    88   136   237   290
82  -287  -246  -150   -94    18    94   137   240   298
83  -291  -243  -145   -99    55    93   139   247   287
84  -300  -238  -148   -95    25    87   139   242   288
85  -293  -248  -147   -87    53    86   140   248   295
86  -292  -244  -143   -93    56    99   139   243   298
87  -293  -239  -141   -89    38    99   145   242   285
88  -291  -248  -139   -89     1    99   138   239   296
89  -299  -240  -143   -96    36    92   147   237   299
90  -292  -250  -148  -100    62    99   135   249   287
91  -295  -237  -150   -97    58    90   148   246   290
92  -288  -238  -142   -87    45    90   140   240   288
93  -291  -240  -148   -94    46    85   148   238   292
94  -295  -243  -137   -90    38    97   145   242   299
95  -295  -248  -141   -95    53    87   135   242   293
96  -299  -241  -138   -96    27    90   143   241   290
97  -295  -240  -141   -88    -4    95   148   241   287
98  -290  -241  -137   -88    52    90   141   242   293
99  -286  -247  -137   -99    61    95   136   236   296
100  -298  -237  -143  -100    34    89   139   239   291
101  -288  -249  -142   -97    25    98   139   239   285
102  -298  -245  -137   -99    49    97   143   243   292
103  -291  -248  -140   -86    35    96   142   242   290
104  -299  -247  -146   -93    36    86   135   249   294
105  -294  -249  -142   -88    22    92   138   248   297
106  -291  -238  -140   -97    24    97   144   247   299
107  -291  -236  -147   -97     9    92   135   244   290
108  -292  -247  -148   -95     9    90   146   247   296
109  -295  -245  -150   -98    16    85   138   242   297
110  -291  -241  -146   -96    43    91   139   246   296
111  -290  -249  -140   -87    13    94   140   236   295
112  -298  -240  -141   -87    20    85   135   238   289
113  -294  -246  -146   -96    53    85   146   245   290
114  -288  -248  -150   -87     2    94   141   242   294
115  -287  -243  -142   -90    51    98   144   246   295
116  -293  -242  -144   -89    12    95   141   246   285
117  -296  -244  -138   -94     8    94   140   236   292
118  -292  -247  -140   -92    39    89   144   241   296
119  -299  -246  -145   -93     4    94   138   243   287
120  -289  -240  -137   -87    24    93   149   238   291
121  -287  -245  -141   -90    49    93   136   241   292
122  -299  -243  -138   -98    21    93   141   241   287
123  -290  -237  -141  -100    63    96   142   247   294
124  -292  -241  -148   -86     6    94   149   247   293
125  -297  -245  -147   -91    11    98   149   242   285
126  -297  -239  -141   -95    44    87   141   240   291
127  -288  -237  -147   -89    18    97   135   246   298
128  -296  -239  -144   -89    31    98   144   244   288
129  -297  -250  -149   -95    44    87   147   241   297
130  -296  -242  -147   -88    -3    88   144   245   299
131  -289  -238  -144   -94    56    90   145   239   289
132  -299  -241  -144   -95    41    94   141   249   296
133  -296  -240  -148   -93    21    97   147   247   289
134  -299  -240  -145   -96    21    89   144   245   286
135  -289  -246  -142   -91    10    85   146   249   293
136  -293  -249  -140   -95    -4    87   146   246   296
137  -300  -242  -149   -99    14    93   139   240   296
138  -292  -246  -146   -94    58    89   149   239   289
139  -293  -248  -146   -92    55    88   138   235   298
140  -290  -242  -143   -88    56    96   146   244   291
141  -292  -238  -147  -100    21    96   148   238   292
142  -295  -249  -150   -96    56    97   140   248   287
143  -288  -245  -139   -97    11    90   138   248   288
144  -289  -239  -148   -98    19    98   143   244   286
145  -296  -237  -140   -92    56    85   149   236   286
146  -293  -245  -146   -86    64    86   135   238   299
147  -287  -240  -140   -88    48    96   142   247   293
148  -298  -236  -139  -100    48    98   137   249   285
149  -300  -239  -140   -94    61    90   138   236   297
150  -299  -245  -144   -91    -1    99   140   236   292
151  -290  -239  -137   -99     9    99   141   246   288
152  -291  -244  -148   -97    58    90   145   245   292
153  -291  -248  -150   -96    24    85   145   237   288
154  -298  -239  -142   -98    28    99   135   246   286
155  -296  -242  -149   -99     3    91   146   245   289
156  -287  -249  -139   -87    36    98   140   245   286
157  -292  -238  -146   -94    50    85   139   235   288
158  -288  -243  -144   -96    62    89   147   241   290
159  -295  -241  -139   -99    46    99   144   244   285
160  -290  -248  -138   -90    16    86   135   241   295
161  -300  -241  -138   -96    51    92   141   236   286
162  -294  -236  -141   -95    17    88   146   236   289
163  -286  -239  -138   -94    31    95   147   244   290
164  -292  -249  -148   -89    52    97   145   247   285
165  -296  -244  -143   -97    33    89   141   239   288
166  -298  -241  -137   -96    20    99   138   241   293
167  -294  -238  -147   -97    40    93   140   235   292
168  -297  -241  -136   -93    11    97   139   240   291
169  -288  -237  -146   -86     8    97   139   247   298
170  -296  -239  -148   -92     4    92   142   235   298
171  -291  -244  -143   -90    13    97   146   240   297
172  -291  -247  -144   -91    57    99   138   238   299
173  -300  -250  -137   -93    44    89   147   242   297
174  -298  -246  -143   -86    17    87   146   244   296
175  -289  -241  -139   -89     5    99   139   238   293
176  -293  -242  -146   -95    61    93   135   245   296
177  -298  -249  -147   -94    32    92   137   243   296
178  -294  -236  -150   -98    12    88   149   249   288
179  -292  -250  -149   -86    27    89   139   246   291
180  -300  -239  -148   -99    19    95   149   236   295
181  -294  -248  -149   -94     0    91   146   237   299
182  -291  -239  -149  -100    15    95   136   246   296
183  -290  -247  -150   -90    54    96   141   238   288
184  -300  -238  -144   -88    40    98   135   245   296
185  -296  -242  -138   -90    23    86   143   245   294
186  -294  -239  -142   -86    32    91   137   237   299
187  -296  -247  -140   -96    51    99   137   247   294
188  -286  -245  -149   -89    19    91   136   236   298
189  -299  -244  -136  -100     5    86   142   235   287
190  -287  -247  -144   -88     2    93   146   245   291
191  -295  -245  -138   -96    54    89   148   249   285
192  -298  -247  -137   -95    19    94   147   246   286
193  -291  -240  -149   -88    24    94   147   241   288
194  -286  -241  -144   -89    56    98   146   237   298
195  -291  -238  -138   -96     5    90   148   249   298
196  -297  -241  -141   -87    20    89   138   248   292
197  -295  -240  -141   -96    29    86   135   236   297
198  -294  -249  -140   -89    36    85   138   247   297
199  -286  -240  -142   -87    16    97   149   244   294
200  -295  -247  -141   -93    18    91   135   241   297
201  -286  -237  -139   -99    42    90   140   246   285
202  -292  -250  -146   -98    49    96   144   235   295
203  -290  -239  -147   -87     9    93   136   242   290
204  -286  -244  -142   -93    40    98   149   241   294
205  -289  -246  -150   -95    57    88   137   237   290
206  -289  -245  -144   -96    63    88   135   236   289
207  -298  -249  -141   -94    33    89   136   247   295
208  -298  -243  -149   -95    44    89   139   235   290
209  -291  -245  -149   -86    41    92   148   244   299
210  -287  -240  -146   -94    50    88   147   242   296
211  -291  -241  -142   -93    22    89   135   244   298
212  -299  -249  -147   -89    18    89   142   243   295
213  -296  -247  -150   -96    -3    91   136   244   295
214  -293  -249  -149   -90    55    96   149   240   289
215  -295  -239  -139   -94    53    89   149   240   295
216  -290  -248  -139   -97    64    93   140   246   290
217  -289  -240  -138   -94     3    95   137   245   285
218  -290  -246  -142   -95    60    87   138   238   299
219  -291  -247  -150   -96    60    85   149   239   289
220  -292  -247  -146   -95    46    89   144   249   297
221  -298  -250  -144   -96    41    88   135   240   298
222  -286  -242  -142   -86    43    92   137   242   290
223  -295  -250  -141   -96    53    86   138   246   299
224  -291  -249  -147   -95    33    93   142   239   296
225  -293  -238  -136   -86    29    87   135   243   290
226  -287  -246  -138   -89    44    86   139   247   287
227  -297  -238  -150   -92    31    94   135   240   295
228  -292  -241  -143   -88    51    98   136   248   288
229  -299  -242  -136   -91    43    95   135   242   287
230  -299  -244  -136   -96    59    86   137   240   294
231  -291  -244  -142   -90    61    95   145   245   292
232  -300  -238  -140   -89    41    97   140   240   285
233  -288  -237  -143   -96    55    88   146   245   297
234  -290  -236  -138   -95    64    95   144   238   291
235  -288  -248  -144   -98    60    99   144   249   299
236  -296  -247  -142   -99    35    87   140   245   296
237  -294  -239  -145   -95     5    91   143   243   293
238  -294  -250  -150   -95    14    96   137   249   296
239  -287  -250  -143   -97    39    96   148   236   296
240  -289  -249  -136   -86    36    99   147   242   295
241  -300  -249  -140   -93    -5    90   140   237   288
242  -290  -239  -136   -89     5    96   138   235   292
243  -292  -245  -141   -90    51    90   139   247   291
244  -289  -243  -148   -93     8    86   135   247   299
245  -287  -249  -145   -94    64    95   146   236   288
246  -286  -237  -138   -97    15    99   149   239   298
247  -298  -244  -147   -86    27    96   147   244   288
248  -293  -247  -137   -99     6    86   143   242   292
249  -291  -240  -142   -98    22    98   141   239   292
250  -287  -237  -142   -86     5    92   136   237   286
251  -288  -236  -139   -92    35    89   149   243   286
252  -297  -248  -136   -87    16    94   135   244   296
253  -288  -248  -142   -86    36    91   136   235   290
254  -296  -247  -139   -95    31    89   148   246   298
255  -293  -242  -150   -98    -5    94   142   243   290
256  -287  -245  -136   -98    56    89   147   238   286
257  -289  -238  -138   -89     9    95   135   249   293
258  -296  -245  -147   -86    14    89   137   240   287
259  -295  -249  -141   -98    61    87   141   238   287
260  -289  -240  -140   -97    46    91   143   239   299
261  -293  -241  -145   -93    11    95   148   248   293
262  -289  -245  -147   -88    33    98   148   247   286
263  -286  -241  -150   -86    22    92   142   248   287
264  -299  -248  -137   -94    43    98   146   248   289
265  -288  -243  -141  -100    32    86   140   249   288
266  -298  -247  -136   -97    50    95   147   235   294
267  -290  -237  -138   -93    39    89   145   235   298
268  -300  -248  -141   -98    13    86   139   242   291
269  -289  -237  -144   -95    20    95   137   236   291
270  -300  -245  -145   -94    18    93   137   238   287
271  -296  -242  -145   -96     6    97   136   235   297
272  -287  -239  -147   -98    31    86   145   239   286
273  -296  -242  -147  -100    30    88   141   246   298
274  -300  -240  -139   -95    17    99   149   237   293
275  -288  -247  -145   -99     8    87   149   236   286
276  -288  -238  -138   -91    27    91   143   247   285
277  -287  -248  -141   -94    53    97   149   238   292
278  -294  -246  -142   -97     6    85   144   241   297
279  -294  -241  -140   -91    32    85   146   241   295
280  -292  -243  -137  -100    55    88   136   243   296
281  -288  -237  -137   -89    -2    89   149   246   290
282  -294  -244  -139   -96    -4    94   142   237   287
283  -294  -239  -140   -94    50    95   145   242   295
284  -290  -242  -145  -100    43    89   137   241   291
285  -296  -246  -146   -87    30    98   143   247   290
286  -292  -244  -139   -87    48    93   141   237   293
287  -295  -244  -149   -92    23    87   147   248   299
288  -296  -237  -149   -90     5    95   135   249   290
289  -298  -236  -148   -91    47    93   140   249   297
290  -288  -250  -141   -90     4    99   144   239   297
291  -294  -236  -149   -89    40    85   147   240   294
292  -292  -249  -141   -88    40    92   148   239   294
293  -287  -249  -138   -98    27    85   143   242   295
294  -295  -245  -150   -93    36    99   139   242   285
295  -297  -242  -147   -93    48    99   146   247   294
296  -299  -243  -142   -89    63    94   137   241   288
297  -290  -241  -147   -99     9    95   145   248   296
298  -295  -240  -137   -88    24    99   143   236   289
299  -294  -243  -136   -93    -3    96   149   238   294
300  -296  -241  -147   -87    20    98   146   241   298
301  -290  -249  -144   -87     0    99   139   239   286
302  -293  -241  -141   -95    54    91   137   240   298
303  -289  -246  -141   -89    29    92   139   237   293
304  -294  -238  -145   -99    37    97   137   247   288
305  -293  -250  -148   -97    10    96   138   239   296
306  -292  -237  -149   -87    18    88   145   246   291
307  -289  -250  -148   -86    -2    89   146   247   296
308  -297  -237  -143   -98    64    85   145   237   294
309  -295  -249  -146   -98    60    98   143   238   299
310  -296  -236  -149   -91    16    98   146   241   295
311  -299  -246  -149   -90    43    92   147   239   291
312  -291  -242  -148   -90    40    92   142   247   296
313  -297  -249  -137   -98    19    98   146   243   299
314  -288  -237  -142   -86    18    91   144   246   285
315  -286  -240  -140   -86    56    89   139   244   293
316  -287  -245  -143   -93    52    96   138   246   296
317  -286  -241  -149   -94    47    95   145   246   286
318  -298  -239  -142   -86    13    86   149   246   288
319  -300  -238  -145   -91    53    87   149   237   290
320  -287  -249  -150  -100    57    85   148   246   290
321  -299  -238  -144   -99    43    99   146   243   285
322  -291  -247  -146   -86    42    87   146   245   291
323  -299  -242  -139   -95     1    88   147   239   286
324  -292  -240  -145   -96    27    95   141   240   297
325  -300  -247  -146   -89    49    92   136   243   296
326  -299  -247  -139   -94    32    95   135   235   288
327  -294  -240  -140   -89    59    98   139   245   293
328  -295  -247  -138   -86     9    85   141   239   288
329  -286  -236  -150   -96    56    90   138   240   293
330  -295  -246  -139  -100    17    90   149   244   299
331  -288  -247  -143   -89    19    95   149   235   285
332  -296  -237  -148   -92    52    87   140   246   296
333  -298  -243  -143   -98    21    96   143   243   297
334  -287  -236  -147   -98    28    96   147   243   296
335  -300  -247  -146   -95    31    89   142   235   286
336  -300  -246  -144   -94    -2    85   140   244   285
337  -287  -249  -146   -93    23    87   140   237   299
338  -291  -244  -141   -94    19    87   136   239   297
339  -288  -250  -144   -91    11    88   148   236   293
340  -299  -243  -147   -92    40    85   138   245   289
341  -298  -242  -147   -87     5    97   148   242   293
342  -290  -244  -142   -93    43    96   149   247   291
343  -293  -247  -150   -90    -5    91   141   242   296
344  -288  -240  -143   -98    18    90   149   238   291
345  -287  -247  -143   -88    55    94   146   238   296
346  -299  -246  -136   -99    57    88   139   242   299
347  -293  -250  -142   -97    13    93   141   248   288
348  -294  -239  -137   -91    24    85   145   241   289
349  -299  -248  -139   -92    17    90   142   249   288
350  -300  -236  -141   -97    14    92   140   236   292
351  -299  -248  -148   -99    30    90   138   241   287
352  -286  -249  -142   -97    -4    97   145   248   294
353  -299  -247  -148   -87    17    91   144   243   296
354  -292  -247  -149   -93    37    96   137   235   287
355  -287  -241  -145   -88    47    90   148   240   298
356  -286  -244  -144   -89    14    99   138   241   297
357  -291  -239  -138   -99     0    90   139   238   295
358  -299  -236  -143   -95    49    93   135   240   296
359  -294  -246  -142   -92    26    94   144   247   291
360  -296  -236  -146   -94    15    93   145   241   291
361  -296  -247  -144   -96    14    85   144   244   287
362  -295  -239  -149   -99    54    87   137   244   299
363  -287  -236  -139   -97    34    87   139   237   293
364  -299  -248  -143   -86    32    86   140   247   294
365  -288  -242  -145   -96     3    95   139   249   293
366  -297  -242  -140  -100    46    96   137   243   290
367  -293  -237  -143   -88     1    95   144   249   286
368  -295  -245  -144   -88    18    91   136   240   291
369  -296  -247  -148   -94    25    94   141   236   287
370  -295  -249  -150   -87    35    93   144   240   294
371  -287  -242  -139  -100    24    99   148   241   293
372  -288  -250  -146   -90    29    96   144   237   294
373  -288  -246  -150   -92    31    94   140   246   298
374  -292  -237  -147   -96     8    94   147   236   286
375  -298  -247  -141   -91    21    96   140   244   292
376  -290  -237  -145   -91    43    96   135   237   296
377  -300  -246  -139  -100    22    87   136   239   299
378  -292  -243  -144   -91    55    89   142   242   293
379  -291  -246  -146   -86     9    97   137   237   287
380  -290  -238  -137   -97    32    98   141   249   289
381  -299  -236  -138   -92    48    99   138   248   288
382  -296  -238  -142   -96     4    94   144   249   297
383  -290  -250  -136   -95    28    94   144   239   294
384  -291  -241  -150   -90     8    88   145   245   285
385  -287  -245  -139   -93    32    87   146   246   288
386  -293  -250  -138   -87    62    99   141   237   296
387  -287  -248  -142   -93    19    89   141   248   286
388  -296  -243  -141  -100    56    99   138   239   289
389  -292  -247  -146   -89    36    90   139   244   292
390  -297  -245  -149   -87    62    92   147   235   285
391  -297  -247  -149   -97    19    85   140   237   292
392  -297  -243  -145   -95    -2    92   135   244   295
393  -294  -241  -147   -86    42    95   145   248   297
394  -286  -236  -144   -89    48    96   147   242   291
395  -286  -247  -149   -91    13    91   144   243   286
396  -289  -237  -140   -87    41    90   147   240   291
397  -299  -248  -140   -96    28    97   138   243   290
398  -289  -247  -136   -89    50    99   147   240   293
399  -299  -239  -145   -91    21    85   143   236   288
400  -300  -238  -147   -87    58    98   140   243   295
401  -297  -249  -137   -88    48    88   143   241   294
402  -293  -249  -150   -98    21    96   135   246   294
403  -299  -244  -138   -92    61    99   138   248   289
404  -287  -242  -149   -92    24    98   142   240   295
405  -296  -249  -141   -93    62    98   139   238   292
406  -287  -242  -141   -86     9    87   149   244   291
407  -292  -242  -139   -99    12    95   149   236   286
408  -288  -243  -138   -89    57    96   138   248   289
409  -293  -245  -148   -92    61    93   146   246   297
410  -296  -250  -138   -99    17    85   140   238   298
411  -294  -239  -150   -96    43    92   141   249   287
412  -291  -249  -142   -86    26    86   140   238   289
413  -300  -249  -148   -91     6    90   140   235   292
414  -297  -244  -148   -99    23    85   144   245   287
415  -300  -240  -139   -87    16    87   139   242   289
416  -294  -249  -136   -91    59    92   145   236   292
417  -296  -246  -143   -99    58    99   137   248   299
418  -294  -246  -139   -98    31    94   144   237   295
419  -297  -238  -137   -98    30    92   138   248   291
420  -298  -248  -142   -88    35    87   136   249   290
421  -288  -249  -145   -89    48    92   143   238   291
422  -289  -244  -146  -100    50    93   137   245   296
423  -289  -240  -140   -98    22    99   142   242   289
424  -288  -250  -142   -99    38    85   135   240   292
425  -296  -240  -149   -89    -2    97   147   240   288
426  -300  -245  -146  -100    37    85   135   244   296
427  -289  -237  -140   -95    44    92   140   238   288
428  -296  -248  -148   -92    25    93   136   245   295
429  -287  -238  -148   -98    46    93   145   241   285
430  -291  -240  -136   -88    33    85   138   235   287
431  -289  -239  -137   -97    17    95   135   249   287
432  -300  -241  -136   -94    11    91   135   247   289
433  -294  -245  -149   -97    55    95   139   240   297
434  -290  -247  -150   -94    25    93   136   248   294
435  -296  -250  -143   -94    21    93   147   248   290
436  -299  -243  -150   -89    60    92   142   249   290
437  -287  -236  -150  -100    38    91   137   236   285
438  -291  -241  -145   -95    47    91   146   244   288
439  -291  -250  -144   -89    33    99   140   236   289
440  -292  -239  -144   -95    54    86   145   242   296
441  -289  -250  -146   -98     6    86   148   249   290
442  -289  -242  -145   -87    39    95   135   245   292
443  -292  -239  -136   -99     4    90   149   246   285
444  -298  -244  -139   -89    18    97   147   243   285
445  -287  -241  -146   -99    30    87   138   237   296
446  -295  -240  -137   -89    19    86   140   241   293
447  -298  -245  -138   -98     9    96   135   237   292
448  -293  -243  -137   -92    51    99   149   238   287
449  -297  -237  -140   -86    24    89   149   244   298
450  -295  -242  -142   -88    28    90   144   238   299
451  -300  -241  -146   -87    25    97   141   247   293
452  -293  -236  -148   -88    39    99   142   240   292
453  -296  -244  -143   -91    -1    95   146   245   294
454  -289  -241  -150   -86    63    88   136   237   291
455  -292  -245  -144   -89    58    90   138   243   291
456  -288  -249  -142   -86     3    95   145   244   286
457  -286  -240  -141   -95    55    95   147   243   294
458  -294  -238  -142   -94    31    96   138   235   298
459  -293  -243  -141   -95    28    98   142   248   295
460  -296  -248  -146   -95    -3    95   145   243   290
461  -289  -248  -143   -87    14    93   139   237   296
462  -287  -248  -150   -97    -4    93   142   240   294
463  -288  -239  -136   -98    23    98   136   246   287
464  -287  -244  -143   -92     2    85   138   239   292
465  -293  -239  -140   -88    44    89   141   243   298
466  -296  -247  -138   -87    13    87   149   246   296
467  -292  -238  -146  -100    17    94   146   235   290
468  -286  -236  -143   -99    13    98   147   236   293
469  -293  -246  -144   -88    61    91   139   249   289
470  -295  -240  -136   -94    24    86   146   246   296
471  -295  -247  -138   -88     1    95   136   246   294
472  -293  -249  -145   -86    -4    97   135   239   294
473  -286  -249  -147   -90    36    93   135   245   292
474  -297  -237  -142   -91    13    89   140   242   285
475  -298  -244  -142   -88    50    88   136   238   287
476  -300  -247  -144   -87    37    93   148   236   290
477  -291  -242  -141   -99     6    89   147   246   289
478  -297  -246  -144   -89    59    85   142   245   286
479  -295  -236  -137   -96    -5    90   146   238   291
480  -297  -243  -143   -92    46    90   144   245   299
481  -296  -238  -150   -97     2    99   148   244   288
482  -295  -247  -144   -91    56    89   149   240   292
483  -296  -242  -142   -98    50    93   144   246   289
484  -297  -246  -139   -96    37    92   137   247   297
485  -292  -246  -140   -88    56    93   138   240   295
486  -300  -238  -144   -98    45    94   146   242   293
487  -299  -244  -142  -100    60    88   148   239   293
488  -293  -236  -149   -94    -1    92   144   238   291
489  -291  -247  -149   -89    21    98   142   237   298
490  -299  -241  -149   -96    10    98   135   242   289
491  -293  -248  -144   -95    10    86   145   236   287
492  -286  -246  -149   -99     4    98   149   248   289
493  -294  -238  -150   -88    34    89   143   244   286
494  -291  -244  -137   -88    31    89   149   235   285
495  -296  -243  -144   -99    42    92   147   238   290
496  -290  -245  -139   -92    25    93   148   243   291
497  -286  -239  -150  -100    46    91   143   237   285
498  -289  -250  -140   -94    49    92   146   243   293
499  -288  -241  -137   -88    60    99   138   239   297